#runnumber, pedestal run, MPPC ch, MPPC HV, LED HV
404 407 0 58 1.18
405 407 0 58 1.19
406 407 0 58 1.17

409 412 1 58 1.17
410 412 1 58 1.18
411 412 1 58 1.16

414 417 2 58 1.165
415 417 2 58 1.17
416 417 2 58 1.16

419 422 3 58 1.155
420 422 3 58 1.16
421 422 3 58 1.165

424 427 4 58 1.175
425 427 4 58 1.17
426 427 4 58 1.165

429 432 5 58 1.175
430 432 5 58 1.17
431 432 5 58 1.165

434 437 6 58 1.16
435 437 6 58 1.165
436 437 6 58 1.17

439 442 7 58 1.16
440 442 7 58 1.155
441 442 7 58 1.165

444 447 8 58 1.17
445 447 8 58 1.175
446 447 8 58 1.165

449 452 9 58 1.17
450 452 9 58 1.165
451 452 9 58 1.16

454 457 10 58 1.16
455 457 10 58 1.165
456 457 10 58 1.155

459 462 11 58 1.16
460 462 11 58 1.165
461 462 11 58 1.155

464 467 12 58 1.17
465 467 12 58 1.175
466 467 12 58 1.165

469 472 13 58 1.165
470 472 13 58 1.17
471 472 13 58 1.16

474 477 14 58 1.165
475 477 14 58 1.17
476 477 14 58 1.16

479 482 15 58 1.16
480 482 15 58 1.165
481 482 15 58 1.155

#484 487 0 57 1.175
#485 487 0 57 1.18
#486 487 0 57 1.17

#489 492 0 56 1.185
#490 492 0 56 1.18
#491 492 0 56 1.19

#494 497 0 58 1.17
#495 497 0 58 1.175
#496 497 0 58 1.165

