#runnumber, pedestal run, x position[mm], y position[mm], BAC HV[V], BAC threshold[mV], BAC thickness[layer], KVC HV, KVC threshold, KVC thickness[cm]
#Setting 1
#HV, Threshold scan HV high
269 295 0 0 58 50 3 58 30 1
270 296 0 0 58 75 3 58 75 1
271 297 0 0 58 100 3 58 100 1
272 298 0 0 58 125 3 58 125 1
273 299 0 0 58 150 3 58 150 1
#HV, Threshold scan HV middle
274 290 0 0 57 50 3 57 30 1
275 291 0 0 57 75 3 57 75 1
276 292 0 0 57 100 3 57 100 1
277 293 0 0 57 125 3 57 125 1
278 294 0 0 57 150 3 57 150 1
#HV, Threshold scan HV low
280 285 0 0 56 50 3 56 30 1
281 286 0 0 56 75 3 56 75 1
282 287 0 0 56 100 3 56 100 1
283 288 0 0 56 125 3 56 125 1
284 289 0 0 56 150 3 56 150 1
#Position scan
#y=0 mm
300 309 -64 0 58 75 3 58 75 1
301 309 -48 0 58 75 3 58 75 1
302 309 -32 0 58 75 3 58 75 1
303 309 -16 0 58 75 3 58 75 1
304 309 0 0 58 75 3 58 75 1
305 309 16 0 58 75 3 58 75 1
306 309 32 0 58 75 3 58 75 1
307 309 48 0 58 75 3 58 75 1
308 309 64 0 58 75 3 58 75 1
#y=-18 mm
310 320 -64 -18 58 75 3 58 75 1
312 320 -48 -18 58 75 3 58 75 1
313 320 -32 -18 58 75 3 58 75 1
314 320 -16 -18 58 75 3 58 75 1
315 320 0 -18 58 75 3 58 75 1
316 320 16 -18 58 75 3 58 75 1
317 320 32 -18 58 75 3 58 75 1
318 320 48 -18 58 75 3 58 75 1
357 320 64 -18 58 75 3 58 75 1
#y=-36 mm
322 332 -64 -36 58 75 3 58 75 1
323 332 -48 -36 58 75 3 58 75 1
324 332 -32 -36 58 75 3 58 75 1
325 332 -16 -36 58 75 3 58 75 1
329 332 0 -36 58 75 3 58 75 1
327 332 16 -36 58 75 3 58 75 1
328 332 32 -36 58 75 3 58 75 1
330 332 48 -36 58 75 3 58 75 1
362 332 64 -36 58 75 3 58 75 1
#y=-54 mm
333 343 -64 -54 58 75 3 58 75 1
334 343 -48 -54 58 75 3 58 75 1
361 343 -32 -54 58 75 3 58 75 1
360 343 -16 -54 58 75 3 58 75 1
338 343 0 -54 58 75 3 58 75 1
339 343 16 -54 58 75 3 58 75 1
340 343 32 -54 58 75 3 58 75 1
341 343 48 -54 58 75 3 58 75 1
342 343 64 -54 58 75 3 58 75 1
#y=18 mm
344 355 -64 18 58 75 3 58 75 1
345 355 -48 18 58 75 3 58 75 1
346 355 -32 18 58 75 3 58 75 1
347 355 -16 18 58 75 3 58 75 1
348 355 0 18 58 75 3 58 75 1
353 355 16 18 58 75 3 58 75 1
352 355 32 18 58 75 3 58 75 1
351 355 48 18 58 75 3 58 75 1
354 355 64 18 58 75 3 58 75 1
#y=36 mm
363 377 -64 36 58 75 3 58 75 1
365 377 -48 36 58 75 3 58 75 1
366 377 -32 36 58 75 3 58 75 1
368 377 -16 36 58 75 3 58 75 1
371 377 0 36 58 75 3 58 75 1
372 377 16 36 58 75 3 58 75 1
373 377 32 36 58 75 3 58 75 1
374 377 48 36 58 75 3 58 75 1
375 377 64 36 58 75 3 58 75 1
#y=54 mm
378 387 -64 54 58 75 3 58 75 1
379 387 -48 54 58 75 3 58 75 1
380 387 -32 54 58 75 3 58 75 1
381 387 -16 54 58 75 3 58 75 1
382 387 0 54 58 75 3 58 75 1
383 387 16 54 58 75 3 58 75 1
384 387 32 54 58 75 3 58 75 1
385 387 48 54 58 75 3 58 75 1
386 387 64 54 58 75 3 58 75 1
#Additional study
388 387 0 51 58 75 3 58 75 1
390 387 -48 51 58 75 3 58 75 1
391 387 48 51 58 75 3 58 75 1
392 387 -39 0 58 75 3 58 75 1
#Setting 2
#HV, Threshold scan HV high
412 429 0 0 58 50 2 58 30 2
414 430 0 0 58 75 2 58 75 2
415 431 0 0 58 100 2 58 100 2
416 432 0 0 58 125 2 58 125 2
417 433 0 0 58 150 2 58 150 2
#HV, Threshold scan HV middle
418 434 0 0 57 50 2 57 30 2
419 435 0 0 57 75 2 57 75 2
420 436 0 0 57 100 2 57 100 2
421 437 0 0 57 125 2 57 125 2
422 438 0 0 57 150 2 57 150 2
#HV, Threshold scan HV low
423 439 0 0 56 50 2 56 30 2
424 440 0 0 56 75 2 56 75 2
425 441 0 0 56 100 2 56 100 2
426 442 0 0 56 125 2 56 125 2
427 443 0 0 56 150 2 56 150 2
#addtional study
445 446 0 0 58 60 2 56 30 2
#Position study
#y=0 mm
447 456 -64 0 58 60 2 56 100 2
448 456 -48 0 58 60 2 56 100 2
449 456 -32 0 58 60 2 56 100 2
450 456 -16 0 58 60 2 56 100 2
451 456 0 0 58 60 2 56 100 2
452 456 16 0 58 60 2 56 100 2
453 456 32 0 58 60 2 56 100 2
454 456 48 0 58 60 2 56 100 2
455 456 64 0 58 60 2 56 100 2
#y=-18 mm
457 466 -64 -18 58 60 2 56 100 2
458 466 -48 -18 58 60 2 56 100 2
459 466 -32 -18 58 60 2 56 100 2
460 466 -16 -18 58 60 2 56 100 2
461 466 0 -18 58 60 2 56 100 2
462 466 16 -18 58 60 2 56 100 2
463 466 32 -18 58 60 2 56 100 2
464 466 48 -18 58 60 2 56 100 2
465 466 64 -18 58 60 2 56 100 2
#y=-36 mm
467 476 -64 -36 58 60 2 56 100 2
468 476 -48 -36 58 60 2 56 100 2
469 476 -32 -36 58 60 2 56 100 2
470 476 -16 -36 58 60 2 56 100 2
471 476 0 -36 58 60 2 56 100 2
472 476 16 -36 58 60 2 56 100 2
473 476 32 -36 58 60 2 56 100 2
474 476 48 -36 58 60 2 56 100 2
475 476 64 -36 58 60 2 56 100 2
#y=-54 mm
477 486 -64 -54 58 60 2 56 100 2
478 486 -48 -54 58 60 2 56 100 2
479 486 -32 -54 58 60 2 56 100 2
480 486 -16 -54 58 60 2 56 100 2
481 486 0 -54 58 60 2 56 100 2
482 486 16 -54 58 60 2 56 100 2
483 486 32 -54 58 60 2 56 100 2
484 486 48 -54 58 60 2 56 100 2
485 486 64 -54 58 60 2 56 100 2
#y=18 mm
487 496 -64 18 58 60 2 56 100 2
488 496 -48 18 58 60 2 56 100 2
489 496 -32 18 58 60 2 56 100 2
490 496 -16 18 58 60 2 56 100 2
491 496 0 18 58 60 2 56 100 2
492 496 16 18 58 60 2 56 100 2
493 496 32 18 58 60 2 56 100 2
494 496 48 18 58 60 2 56 100 2
495 496 64 18 58 60 2 56 100 2
#y=36 mm
497 506 -64 36 58 60 2 56 100 2
498 506 -48 36 58 60 2 56 100 2
499 506 -32 36 58 60 2 56 100 2
500 506 -16 36 58 60 2 56 100 2
501 506 0 36 58 60 2 56 100 2
502 506 16 36 58 60 2 56 100 2
503 506 32 36 58 60 2 56 100 2
504 506 48 36 58 60 2 56 100 2
505 506 64 36 58 60 2 56 100 2
#y=54 mm
507 516 -64 54 58 60 2 56 100 2
508 516 -48 54 58 60 2 56 100 2
509 516 -32 54 58 60 2 56 100 2
510 516 -16 54 58 60 2 56 100 2
511 516 0 54 58 60 2 56 100 2
512 516 16 54 58 60 2 56 100 2
513 516 32 54 58 60 2 56 100 2
514 516 48 54 58 60 2 56 100 2
515 516 64 54 58 60 2 56 100 2
#additional study
#y=51 mm
517 520 -48 51 58 60 2 56 100 2
518 520 0 51 58 60 2 56 100 2
519 520 48 51 58 60 2 56 100 2
#y=45 mm
521 524 -48 45 58 60 2 56 100 2
522 524 0 45 58 60 2 56 100 2
523 524 48 45 58 60 2 56 100 2
#y=-45 mm
525 528 -48 -45 58 60 2 56 100 2
526 528 0 -45 58 60 2 56 100 2
527 528 48 -45 58 60 2 56 100 2
#y=-51 mm
529 532 -48 -51 58 60 2 56 100 2
530 532 0 -51 58 60 2 56 100 2
531 532 48 -51 58 60 2 56 100 2





